# Name=Sequence
# pos	aa	label	Other	Sec/SPI n	Sec/SPI h	Sec/SPI c	Sec/SPII n	Sec/SPII h	Sec/SPII cys	Tat/SPI n	Tat/SPI RR	Tat/SPI h	Tat/SPI c	Tat/SPII n	Tat/SPII RR	Tat/SPII h	Tat/SPII cys	Sec/SPIII P	Sec/SPIII cons.	Sec/SPIII h
1	M	N	0.000001	0.999878	0.000000	0.000000	0.000093	0.000000	0.000000	0.000000	0.000000	0.000000	0.000000	0.000000	0.000000	0.000000	0.000000	0.000000	0.000000	0.000000
2	K	N	0.000001	0.999817	0.000064	0.000000	0.000093	0.000000	0.000000	0.000000	0.000000	0.000000	0.000000	0.000000	0.000000	0.000000	0.000000	0.000000	0.000000	0.000000
3	K	N	0.000001	0.997942	0.001943	0.000000	0.000092	0.000001	0.000000	0.000000	0.000000	0.000000	0.000000	0.000000	0.000000	0.000000	0.000000	0.000000	0.000000	0.000000
4	K	N	0.000001	0.920442	0.079441	0.000000	0.000079	0.000014	0.000000	0.000000	0.000000	0.000000	0.000000	0.000000	0.000000	0.000000	0.000000	0.000000	0.000000	0.000000
5	L	H	0.000001	0.141520	0.858359	0.000000	0.000019	0.000074	0.000000	0.000000	0.000000	0.000000	0.000000	0.000000	0.000000	0.000000	0.000000	0.000000	0.000000	0.000000
6	N	H	0.000001	0.049589	0.950291	0.000000	0.000007	0.000086	0.000000	0.000000	0.000000	0.000000	0.000000	0.000000	0.000000	0.000000	0.000000	0.000000	0.000000	0.000000
7	A	H	0.000001	0.004966	0.994917	0.000000	0.000001	0.000092	0.000000	0.000000	0.000000	0.000000	0.000000	0.000000	0.000000	0.000000	0.000000	0.000000	0.000000	0.000000
8	I	H	0.000001	0.000408	0.999474	0.000000	0.000000	0.000093	0.000000	0.000000	0.000000	0.000000	0.000000	0.000000	0.000000	0.000000	0.000000	0.000000	0.000000	0.000000
9	L	H	0.000002	0.000040	0.999840	0.000000	0.000000	0.000093	0.000000	0.000000	0.000000	0.000000	0.000000	0.000000	0.000000	0.000000	0.000000	0.000000	0.000000	0.000000
10	L	H	0.000002	0.000003	0.999878	0.000001	0.000000	0.000093	0.000000	0.000000	0.000000	0.000000	0.000000	0.000000	0.000000	0.000000	0.000000	0.000000	0.000000	0.000000
11	S	H	0.000003	0.000000	0.999886	0.000002	0.000000	0.000092	0.000000	0.000000	0.000000	0.000000	0.000000	0.000000	0.000000	0.000000	0.000000	0.000000	0.000000	0.000000
12	V	H	0.000004	0.000000	0.999878	0.000004	0.000000	0.000092	0.000000	0.000000	0.000000	0.000000	0.000000	0.000000	0.000000	0.000000	0.000000	0.000000	0.000000	0.000000
13	V	H	0.000006	0.000000	0.999870	0.000012	0.000000	0.000092	0.000000	0.000000	0.000000	0.000000	0.000000	0.000000	0.000000	0.000000	0.000000	0.000000	0.000000	0.000000
14	M	H	0.000010	0.000000	0.999832	0.000045	0.000000	0.000091	0.000001	0.000000	0.000000	0.000000	0.000000	0.000000	0.000000	0.000000	0.000000	0.000000	0.000000	0.000000
15	G	H	0.000016	0.000000	0.999619	0.000252	0.000000	0.000089	0.000001	0.000000	0.000000	0.000000	0.000000	0.000000	0.000000	0.000000	0.000000	0.000000	0.000000	0.000000
16	V	H	0.000030	0.000000	0.998902	0.000955	0.000000	0.000087	0.000002	0.000000	0.000000	0.000000	0.000000	0.000000	0.000000	0.000000	0.000000	0.000000	0.000000	0.000000
17	L	H	0.000044	0.000000	0.993733	0.006113	0.000000	0.000085	0.000002	0.000000	0.000000	0.000000	0.000000	0.000000	0.000000	0.000000	0.000000	0.000000	0.000000	0.000000
18	A	H	0.000063	0.000000	0.943522	0.056306	0.000000	0.000082	0.000004	0.000000	0.000000	0.000000	0.000000	0.000000	0.000000	0.000000	0.000000	0.000000	0.000000	0.000000
19	M	H	0.000157	0.000000	0.797781	0.201952	0.000000	0.000074	0.000008	0.000000	0.000000	0.000000	0.000000	0.000000	0.000000	0.000000	0.000000	0.000000	0.000000	0.000000
20	S	C	0.000276	0.000000	0.304248	0.695375	0.000000	0.000068	0.000005	0.000000	0.000000	0.000000	0.000000	0.000000	0.000000	0.000000	0.000000	0.000000	0.000000	0.000000
21	A	C	0.000666	0.000000	0.009705	0.989527	0.000000	0.000047	0.000022	0.000000	0.000000	0.000000	0.000000	0.000000	0.000000	0.000000	0.000000	0.000000	0.000000	0.000000
22	F	C	0.004780	0.000000	0.001011	0.994135	0.000000	0.000016	0.000030	0.000000	0.000000	0.000000	0.000000	0.000000	0.000000	0.000000	0.000000	0.000000	0.000000	0.000000
23	G	C	0.033038	0.000000	0.000003	0.966914	0.000000	0.000003	0.000013	0.000000	0.000000	0.000000	0.000000	0.000000	0.000000	0.000000	0.000000	0.000000	0.000000	0.000000
24	E	O	0.985086	0.000000	0.000002	0.014878	0.000000	0.000000	0.000003	0.000000	0.000000	0.000000	0.000000	0.000000	0.000000	0.000000	0.000000	0.000000	0.000000	0.000000
25	D	O	0.996534	0.000000	0.000001	0.003441	0.000000	0.000000	0.000000	0.000000	0.000000	0.000000	0.000000	0.000000	0.000000	0.000000	0.000000	0.000000	0.000000	0.000000
26	C	O	0.998877	0.000000	0.000000	0.001099	0.000000	0.000000	0.000000	0.000000	0.000000	0.000000	0.000000	0.000000	0.000000	0.000000	0.000000	0.000000	0.000000	0.000000
27	E	O	0.999697	0.000000	0.000000	0.000284	0.000000	0.000000	0.000000	0.000000	0.000000	0.000000	0.000000	0.000000	0.000000	0.000000	0.000000	0.000000	0.000000	0.000000
28	P	O	0.999866	0.000000	0.000000	0.000113	0.000000	0.000000	0.000000	0.000000	0.000000	0.000000	0.000000	0.000000	0.000000	0.000000	0.000000	0.000000	0.000000	0.000000
29	C	O	0.999936	0.000000	0.000000	0.000049	0.000000	0.000000	0.000000	0.000000	0.000000	0.000000	0.000000	0.000000	0.000000	0.000000	0.000000	0.000000	0.000000	0.000000
30	E	O	0.999960	0.000000	0.000000	0.000022	0.000000	0.000000	0.000000	0.000000	0.000000	0.000000	0.000000	0.000000	0.000000	0.000000	0.000000	0.000000	0.000000	0.000000
31	E	O	0.999976	0.000000	0.000000	0.000010	0.000000	0.000000	0.000000	0.000000	0.000000	0.000000	0.000000	0.000000	0.000000	0.000000	0.000000	0.000000	0.000000	0.000000
32	G	O	0.999980	0.000000	0.000000	0.000005	0.000000	0.000000	0.000001	0.000000	0.000000	0.000000	0.000000	0.000000	0.000000	0.000000	0.000000	0.000000	0.000000	0.000000
33	T	O	0.999978	0.000000	0.000000	0.000003	0.000000	0.000000	0.000001	0.000000	0.000000	0.000000	0.000000	0.000000	0.000000	0.000000	0.000000	0.000000	0.000000	0.000000
34	P	O	0.999980	0.000000	0.000000	0.000001	0.000000	0.000001	0.000001	0.000000	0.000000	0.000000	0.000000	0.000000	0.000000	0.000000	0.000000	0.000000	0.000000	0.000000
35	G	O	0.999981	0.000000	0.000000	0.000001	0.000000	0.000001	0.000002	0.000000	0.000000	0.000000	0.000000	0.000000	0.000000	0.000000	0.000000	0.000000	0.000000	0.000000
36	C	O	0.999982	0.000000	0.000000	0.000000	0.000000	0.000001	0.000004	0.000000	0.000000	0.000000	0.000000	0.000000	0.000000	0.000000	0.000000	0.000000	0.000000	0.000000
37	G	O	0.999981	0.000000	0.000000	0.000000	0.000000	0.000001	0.000004	0.000000	0.000000	0.000000	0.000000	0.000000	0.000000	0.000000	0.000000	0.000000	0.000000	0.000000
38	S	O	0.999974	0.000000	0.000000	0.000000	0.000000	0.000002	0.000005	0.000000	0.000000	0.000000	0.000001	0.000000	0.000000	0.000000	0.000000	0.000000	0.000000	0.000000
39	N	O	0.999975	0.000000	0.000000	0.000000	0.000000	0.000003	0.000006	0.000000	0.000000	0.000000	0.000001	0.000000	0.000000	0.000000	0.000000	0.000000	0.000000	0.000000
40	P	O	0.999969	0.000000	0.000000	0.000000	0.000001	0.000003	0.000010	0.000001	0.000000	0.000001	0.000002	0.000000	0.000000	0.000000	0.000000	0.000000	0.000000	0.000000
41	G	O	0.999960	0.000000	0.000000	0.000000	0.000001	0.000005	0.000012	0.000001	0.000000	0.000001	0.000003	0.000000	0.000000	0.000000	0.000000	0.000000	0.000000	0.000000
42	G	O	0.999951	0.000000	0.000000	0.000000	0.000001	0.000006	0.000016	0.000002	0.000000	0.000002	0.000005	0.000000	0.000000	0.000000	0.000001	0.000001	0.000000	0.000000
43	D	O	0.999943	0.000000	0.000000	0.000000	0.000001	0.000007	0.000021	0.000003	0.000000	0.000003	0.000008	0.000000	0.000000	0.000000	0.000001	0.000001	0.000000	0.000000
44	S	O	0.999933	0.000000	0.000000	0.000000	0.000002	0.000009	0.000023	0.000005	0.000000	0.000005	0.000012	0.000000	0.000000	0.000001	0.000002	0.000002	0.000001	0.000001
45	M	O	0.999902	0.000000	0.000000	0.000000	0.000002	0.000012	0.000031	0.000007	0.000001	0.000009	0.000021	0.000000	0.000000	0.000001	0.000003	0.000004	0.000002	0.000002
46	P	O	0.999844	0.000000	0.000000	0.000000	0.000002	0.000016	0.000045	0.000012	0.000001	0.000015	0.000039	0.000000	0.000000	0.000002	0.000006	0.000006	0.000004	0.000004
47	V	O	0.999797	0.000000	0.000000	0.000000	0.000001	0.000019	0.000050	0.000012	0.000001	0.000025	0.000058	0.000000	0.000000	0.000004	0.000009	0.000007	0.000007	0.000007
48	E	O	0.999691	0.000000	0.000000	0.000000	0.000000	0.000023	0.000070	0.000012	0.000000	0.000033	0.000108	0.000000	0.000000	0.000006	0.000019	0.000008	0.000010	0.000015
49	L	O	0.999598	0.000000	0.000000	0.000000	0.000000	0.000016	0.000100	0.000000	0.000000	0.000043	0.000160	0.000000	0.000000	0.000011	0.000031	0.000000	0.000019	0.000025
50	G	O	0.999406	0.000000	0.000000	0.000000	0.000000	0.000000	0.000135	0.000000	0.000000	0.000000	0.000294	0.000000	0.000000	0.000000	0.000104	0.000000	0.000000	0.000060
51	E	O	0.999999	0.000000	0.000000	0.000000	0.000000	0.000000	0.000000	0.000000	0.000000	0.000000	0.000000	0.000000	0.000000	0.000000	0.000000	0.000000	0.000000	0.000000
